250 241 239 244 238
242 244 244 230 247
240 244 251 242 251
241 245 234 239 242
249 252 253 246 238
253 247 253 238 247
247 240 245 255 237
244 236 234 247 249
230 249 233 242 239
243 249 236 247 245
244 237 249 245 255
251 247 226 230 243
252 247 243 238 252
250 248 235 229 246
243 231 230 234 238
244 243 255 246 251
255 238 249 235 245
247 253 257 231 247
253 249 238 247 237
253 240 239 242 257
235 248 240 236 251
245 243 247 243 248
238 231 230 231 255
242 243 235 243 234
257 250 234 238 242
255 251 235 251 236
244 242 247 244 240
253 238 234 239 250
240 241 246 249 242
242 237 243 242 250
239 236 251 242 242
229 233 230 240 244
238 245 228 249 240
239 253 238 238 245
230 236 247 243 249
253 247 251 242 253
245 242 243 237 239
247 250 243 239 249
241 253 227 251 232
241 257 222 236 251
245 245 233 251 255
225 249 246 245 239
237 255 243 246 242
249 235 234 247 242
253 251 233 243 241
248 240 244 252 240
247 241 232 238 240
243 241 243 255 238
245 251 243 249 240
249 237 251 237 242
238 225 232 230 239
255 251 253 234 248
227 249 232 245 225
249 245 247 236 248
247 Inf 246 247 246
244 237 233 244 255
238 245 244 236 240
238 241 247 253 244
225 240 235 243 243
249 243 238 247 240
247 226 243 228 257
247 225 240 240 249
253 245 247 250 234
236 235 250 251 240
246 238 231 247 243
238 241 233 251 242
245 235 237 240 250
244 240 243 249 236
243 234 249 251 242
246 239 247 239 251
249 244 257 251 242
250 237 253 223 246
227 247 241 246 253
230 240 245 245 249
249 235 241 242 233
242 239 241 251 241
243 249 246 245 257
251 245 238 250 242
255 244 250 234 247
245 244 235 235 249
237 243 223 242 235
249 237 244 253 238
239 240 253 241 227
240 244 241 241 235
239 235 247 255 231
238 240 251 241 253
233 253 250 233 251
246 242 242 229 253
242 255 249 227 242
243 250 246 240 246
237 241 242 237 238
248 234 242 245 243
245 247 249 257 243
241 244 247 233 232
242 232 244 244 235
238 235 242 244 253
239 255 236 243 243
227 245 238 251 234
245 242 244 246 235
247 246 251 243 238
247 246 247 249 229
246 243 251 245 243
237 249 248 241 251
255 251 234 233 253
242 245 247 238 245
245 236 238 248 253
247 239 249 228 242
238 235 251 242 232
243 257 253 241 249
243 241 243 253 236
241 247 249 244 246
243 247 244 253 236
251 247 247 247 242
233 242 246 243 239
223 234 247 227 236
246 243 248 244 234
246 243 244 237 238
241 245 241 245 242
251 241 240 244 255
232 239 237 247 255
244 221 231 244 253
243 Inf 249 247 245
251 249 229 251 242
229 255 237 251 251
237 251 249 244 240
251 249 239 234 249
238 251 239 242 Inf
240 237 228 253 236
233 230 247 240 239
229 248 249 251 238
234 239 257 255 249
234 245 245 247 251
253 249 249 241 251
244 249 249 236 232
251 233 246 251 253
246 257 248 242 245
236 245 Inf 241 240
243 249 244 233 251
230 253 243 247 230
239 234 251 250 246
234 253 251 239 247
247 242 246 237 235
245 244 237 251 233
239 227 224 253 236
253 255 226 253 246
245 247 237 255 230
244 253 236 248 240
239 233 236 249 245
248 249 241 247 236
Inf 244 251 233 244
243 231 246 243 228
245 240 243 245 236
236 247 241 244 245
212 245 240 245 243
237 255 255 239 245
238 233 251 241 245
245 246 241 248 245
249 246 232 243 245
251 240 224 249 243
239 233 242 257 240
227 241 239 241 228
255 247 247 249 238
231 242 249 243 247
238 237 239 246 247
243 243 245 247 253
245 249 240 235 244
223 234 245 247 244
245 229 247 244 245
247 236 242 247 249
253 240 226 243 242
239 255 257 238 234
233 240 230 245 240
248 245 234 241 239
238 248 243 246 253
234 248 249 242 229
251 244 244 253 235
245 234 239 247 251
236 237 242 251 250
245 239 257 243 237
238 246 251 239 246
239 246 245 243 243
238 247 247 249 239
247 257 251 238 237
251 241 248 236 237
247 240 236 234 242
229 255 238 247 249
255 243 255 247 230
231 241 240 244 231
242 241 243 243 239
225 251 247 246 232
249 251 238 253 237
237 246 238 236 242
241 239 247 245 238
243 245 238 249 253
228 236 234 245 238
240 240 241 242 251
251 231 249 235 255
227 245 246 253 253
248 255 242 251 243
246 237 234 227 247
